
bin1_ID =

   -0.2050    0.0837   -0.0480
    0.8321    0.2118    0.0359
   -0.0595    0.5661   -0.0223
    1.5492    0.2369    0.1715
   -0.2851    0.3692    0.0463
   -0.8310    1.1834    0.1147
   -0.0486    0.8430    0.1830
   -0.2392   -0.4430    0.1714
    0.3845    0.3259   -0.0349
    0.7092    0.2061    0.0750
    0.1754   -0.4488   -0.1003
   -0.4182   -0.2631    0.0005
   -0.1685    0.8928    0.0256
   -0.2371    0.4832    0.0521
    0.2167    0.2767    0.0665
    0.5842   -0.8074    0.0399
   -0.0407   -0.1571    0.0122
    0.7637    0.3372   -0.0465
   -0.3172    0.0492    0.0172
    0.6174    0.9940    0.2304
    0.9764    0.6960    0.0832
   -0.4296    1.5062    0.1508
   -0.5967    0.9970    0.1012
    0.8557    0.3001    0.1074
   -0.2878    1.1248    0.0695
   -0.1571   -0.8035    0.0602
    1.8316    0.5447    0.0014
    1.8389    0.4865    0.1895
   -0.6254   -0.1701    0.0775
    0.4672    1.4012    0.1481
    0.6420   -0.1827    0.1906
    0.4062    1.2940    0.2263
    0.4297    0.1605    0.0507
   -0.8271   -0.5696    0.2147
   -1.1273    0.5174    0.2340
    0.3843   -1.2023    0.1825
   -0.0680    0.0492    0.0934
   -1.2576    0.1513    0.0942
    1.0397    0.2754    0.1901
   -0.4836   -0.6880    0.1305
   -0.7647    0.0648    0.1687
    0.4285    0.8258    0.1459
    0.4617    2.0371    0.1944
   -0.2639    0.7868    0.0240
   -0.4639    0.4128    0.0654
    0.4192   -1.2118    0.0748
    0.0637    1.4209    0.0163
   -0.4533    1.4993    0.0450
    0.8061    0.5818    0.1470
   -0.3401    1.3562    0.2534
    0.9741    0.5704    0.1557
   -0.8105    1.6382   -0.0616
    0.6744    0.5392   -0.0096
    0.6386   -0.6821    0.1632


sortedbin1_ID =

    0.1754   -0.4488   -0.1003
   -0.8105    1.6382   -0.0616
   -0.2050    0.0837   -0.0480
    0.7637    0.3372   -0.0465
    0.3845    0.3259   -0.0349
   -0.0595    0.5661   -0.0223
    0.6744    0.5392   -0.0096
   -0.4182   -0.2631    0.0005
    1.8316    0.5447    0.0014
   -0.0407   -0.1571    0.0122
    0.0637    1.4209    0.0163
   -0.3172    0.0492    0.0172
   -0.2639    0.7868    0.0240
   -0.1685    0.8928    0.0256
    0.8321    0.2118    0.0359
    0.5842   -0.8074    0.0399
   -0.4533    1.4993    0.0450
   -0.2851    0.3692    0.0463
    0.4297    0.1605    0.0507
   -0.2371    0.4832    0.0521
   -0.1571   -0.8035    0.0602
   -0.4639    0.4128    0.0654
    0.2167    0.2767    0.0665
   -0.2878    1.1248    0.0695
    0.4192   -1.2118    0.0748
    0.7092    0.2061    0.0750
   -0.6254   -0.1701    0.0775
    0.9764    0.6960    0.0832
   -0.0680    0.0492    0.0934
   -1.2576    0.1513    0.0942
   -0.5967    0.9970    0.1012
    0.8557    0.3001    0.1074
   -0.8310    1.1834    0.1147
   -0.4836   -0.6880    0.1305
    0.4285    0.8258    0.1459
    0.8061    0.5818    0.1470
    0.4672    1.4012    0.1481
   -0.4296    1.5062    0.1508
    0.9741    0.5704    0.1557
    0.6386   -0.6821    0.1632
   -0.7647    0.0648    0.1687
   -0.2392   -0.4430    0.1714
    1.5492    0.2369    0.1715
    0.3843   -1.2023    0.1825
   -0.0486    0.8430    0.1830
    1.8389    0.4865    0.1895
    1.0397    0.2754    0.1901
    0.6420   -0.1827    0.1906
    0.4617    2.0371    0.1944
   -0.8271   -0.5696    0.2147
    0.4062    1.2940    0.2263
    0.6174    0.9940    0.2304
   -1.1273    0.5174    0.2340
   -0.3401    1.3562    0.2534


sortedbin2_ID =

    0.4929    1.3283   -0.1003
    0.3733    0.0574   -0.0616
    0.4375   -1.0254   -0.0480
    1.1612    2.2719   -0.0465
    0.5833    0.7949   -0.0349
    0.3050    0.4918   -0.0223
    0.3909    0.7993   -0.0096
    0.3519    0.4895    0.0005
   -1.8678   -0.5964    0.0014
    0.7072   -1.0431    0.0122
    0.0744    1.4255    0.0163
   -0.0019   -1.4121    0.0172
    0.0485    0.4352    0.0240
    0.3625    0.6904    0.0256
    0.8282    0.4325    0.0359
    1.0435   -0.9119    0.0399
    1.2463    0.7291    0.0450
   -0.2628    0.3817    0.0463
    1.8181   -0.1211    0.0507
    0.1353    1.1448    0.0521
    0.9552   -0.0162    0.0602
   -0.0709   -0.3841    0.0654
   -0.2983    0.1690    0.0665
   -0.5717   -0.0881    0.0695
    0.5218   -1.1973    0.0748
   -0.9863   -0.8614    0.0750
   -0.6131   -0.9857    0.0775
   -0.4298    1.2265    0.0832
   -0.0210   -0.6176    0.0934
    0.7815   -0.9536    0.0942
    0.4341    0.6806    0.1012
    0.1054    0.6940    0.1074
    0.0504   -0.1756    0.1147
    0.0533    1.2934    0.1305
    0.3368    0.3643    0.1459
    0.5739    0.2165    0.1470
    0.0152    0.4891    0.1481
    0.0619    0.3313    0.1508
   -0.0432   -0.1164    0.1557
    1.3457    0.3027    0.1632
    0.0702    1.3536    0.1687
    0.1261   -0.4436    0.1714
    1.5873    0.2527    0.1715
    0.1085   -1.1687    0.1825
   -0.0287    0.6677    0.1830
   -0.7581   -0.2893    0.1895
    0.2976   -0.0088    0.1901
   -0.4758   -0.0034    0.1906
   -0.0302   -1.2598    0.1944
    1.4792   -0.0492    0.2147
    0.8685   -0.7442    0.2263
    0.6215    0.6068    0.2304
    0.2350    0.6495    0.2340
    0.4219   -0.2604    0.2534


bin1_ID =

   -0.4328   -0.0739   -0.0480
    0.1791    0.7216    0.0359
    0.4761   -0.3725   -0.0223
    0.9530    0.8863    0.1715
   -0.7526    0.0774    0.0463
   -0.7530    0.4676    0.1147
    0.5931   -0.1368    0.1830
   -0.9203   -0.5820    0.1714
   -0.0884    1.4177   -0.0349
   -0.0146    0.8213    0.0750
    1.0164   -0.1735   -0.1003
    0.5672   -0.3649    0.0005
   -0.3576    0.2800    0.0256
   -0.4421    1.1399    0.0521
    1.2520   -0.7341    0.0665
   -0.3274    0.0675    0.0399
   -0.1972    1.0598    0.0122
    0.1444   -0.3833   -0.0465
    0.6087   -0.6533    0.0172
    0.5794    1.0762    0.2304
    0.2008    0.5260    0.0832
    0.1923    0.1930    0.1508
    1.1942    1.8205    0.1012
   -0.5574    0.5189    0.1074
   -0.7391   -0.2455    0.0695
    0.6761   -0.3875    0.0602
    1.7681    0.3891    0.0014
    0.2150    0.2277    0.1895
    0.7634    0.7382    0.0775
   -0.5830    0.8512    0.1481
   -0.0030    0.9749    0.1906
    0.0635    1.6847    0.2263
   -0.1109    0.6420    0.0507
   -0.0936   -0.3042    0.2147
   -0.1374    0.5451    0.2340
   -0.3031   -1.3693    0.1825
   -0.3576    0.3649    0.0934
   -0.7337   -0.2964    0.0942
    0.5377    0.4829    0.1901
   -0.2443    0.1728    0.1305
   -1.0386   -0.5388    0.1687
   -0.3597    0.5917    0.1459
   -1.2393    0.4197    0.1944
   -1.1275    1.5209    0.0240
    0.1117   -0.6177    0.0654
   -0.3779   -0.3423    0.0748
   -0.0084    1.6517    0.0163
    0.3021    0.7190    0.0450
   -0.2821    0.7163    0.1470
    0.7714    1.3030    0.2534
    1.1271    0.2602    0.1557
   -1.2336    2.2650   -0.0616
    1.9855    0.4570   -0.0096
    0.9018   -1.5433    0.1632


