
bin1_ID =

    0.6610    1.8294   -0.0480
    0.2733    0.1824    0.0359
    0.3138   -0.1139   -0.0223
   -1.8962   -0.4426    0.1715
   -1.6659    0.4330    0.0463
   -0.5760    0.9699    0.1147
   -0.6678    0.1462    0.1830
   -0.5049    0.1828    0.1714
    1.0816    0.2584   -0.0349
   -0.6070   -0.6304    0.0750
   -1.0662    4.0881   -0.1003
    0.8565   -0.1624    0.0005
    0.3436         0    0.0256
    0.0272    0.4638    0.0521
   -0.3114    0.0703    0.0665
    0.0761    0.1872    0.0399
    0.3028    2.0431    0.0122
    0.1571   -0.5116   -0.0465
   -0.3062   -0.6803    0.0172
    0.7936    0.1949    0.2304
    0.8152   -0.4832    0.0832
   -0.8949    1.2009    0.1508
    1.0945   -0.8349    0.1012
    0.2842   -0.0818    0.1074
    0.5295   -1.6905    0.0695
    1.0711   -1.9862    0.0602
    0.1659   -0.3076    0.0014
   -0.5020    0.4668    0.1895
    1.1142    0.1445    0.0775
    0.1966    1.1907    0.1481
   -0.5831   -0.6866    0.1906
   -1.5944   -0.4193    0.2263
    0.2215   -0.7828    0.0507
   -0.4044    1.1526    0.2147
   -2.9671   -0.2055    0.2340
   -0.2718    1.1530    0.1825
   -1.8199   -1.0349    0.0934
    0.5232   -0.4050    0.0942
   -0.1327   -0.7798    0.1901
   -0.1893    1.0252    0.1305
    0.4109   -2.3756    0.1687
    0.0178   -0.0150    0.1459
    0.7922    0.5087    0.1944
   -0.7674    0.3803    0.0240
   -0.4948    0.2702    0.0654
    0.0204    1.1712    0.0748
    0.7207    0.2463    0.0163
    0.0052    0.6983    0.0450
   -0.3281    0.0506    0.1470
   -0.5158    0.5206    0.2534
   -0.7661   -0.8053    0.1557
   -0.1105    1.2041   -0.0616
    0.1843    1.8147   -0.0096
    1.1833    1.0547    0.1632


sortedbin1_ID =

   -1.0662    4.0881   -0.1003
   -0.1105    1.2041   -0.0616
    0.6610    1.8294   -0.0480
    0.1571   -0.5116   -0.0465
    1.0816    0.2584   -0.0349
    0.3138   -0.1139   -0.0223
    0.1843    1.8147   -0.0096
    0.8565   -0.1624    0.0005
    0.1659   -0.3076    0.0014
    0.3028    2.0431    0.0122
    0.7207    0.2463    0.0163
   -0.3062   -0.6803    0.0172
   -0.7674    0.3803    0.0240
    0.3436         0    0.0256
    0.2733    0.1824    0.0359
    0.0761    0.1872    0.0399
    0.0052    0.6983    0.0450
   -1.6659    0.4330    0.0463
    0.2215   -0.7828    0.0507
    0.0272    0.4638    0.0521
    1.0711   -1.9862    0.0602
   -0.4948    0.2702    0.0654
   -0.3114    0.0703    0.0665
    0.5295   -1.6905    0.0695
    0.0204    1.1712    0.0748
   -0.6070   -0.6304    0.0750
    1.1142    0.1445    0.0775
    0.8152   -0.4832    0.0832
   -1.8199   -1.0349    0.0934
    0.5232   -0.4050    0.0942
    1.0945   -0.8349    0.1012
    0.2842   -0.0818    0.1074
   -0.5760    0.9699    0.1147
   -0.1893    1.0252    0.1305
    0.0178   -0.0150    0.1459
   -0.3281    0.0506    0.1470
    0.1966    1.1907    0.1481
   -0.8949    1.2009    0.1508
   -0.7661   -0.8053    0.1557
    1.1833    1.0547    0.1632
    0.4109   -2.3756    0.1687
   -0.5049    0.1828    0.1714
   -1.8962   -0.4426    0.1715
   -0.2718    1.1530    0.1825
   -0.6678    0.1462    0.1830
   -0.5020    0.4668    0.1895
   -0.1327   -0.7798    0.1901
   -0.5831   -0.6866    0.1906
    0.7922    0.5087    0.1944
   -0.4044    1.1526    0.2147
   -1.5944   -0.4193    0.2263
    0.7936    0.1949    0.2304
   -2.9671   -0.2055    0.2340
   -0.5158    0.5206    0.2534


sortedbin2_ID =

   -0.4094    2.7738   -0.1003
    0.6876    0.6947   -0.0616
    0.7075    0.5391   -0.0480
   -0.7082   -1.1050   -0.0465
   -1.1359   -0.1855   -0.0349
   -0.2521   -0.0833   -0.0223
    0.1406    2.2933   -0.0096
   -0.5634   -0.5897    0.0005
    0.2113   -0.1330    0.0014
   -0.1857    2.1514    0.0122
    0.2569    0.2321    0.0163
    0.5945   -0.7144    0.0172
    1.1406    0.8516    0.0240
    0.3618         0    0.0256
    0.2986   -0.3072    0.0359
    1.5978    0.0724    0.0399
    0.3940    0.8383    0.0450
   -0.8127    0.4261    0.0463
    0.3428   -1.1191    0.0507
    0.6806    1.8042    0.0521
    0.8533   -1.3449    0.0602
   -0.7923   -0.1291    0.0654
   -0.7739   -0.2813    0.0665
    0.0801   -1.4167    0.0695
    1.0149    1.2125    0.0748
   -0.1566   -0.4929    0.0750
    0.4752    0.0344    0.0775
    0.0640    0.3808    0.0832
   -0.5881   -0.9911    0.0934
   -0.5095    0.7694    0.0942
   -1.1270   -0.0468    0.1012
    0.8677   -0.4921    0.1074
    0.3457   -0.0251    0.1147
    0.4129    1.0351    0.1305
    0.6193   -0.0030    0.1459
    0.2134    0.0606    0.1470
   -0.2947    1.2448    0.1481
   -0.5064    1.1331    0.1508
    0.5892    0.3960    0.1557
   -1.7394   -1.8389    0.1632
   -0.6146   -2.1399    0.1687
    1.1890    0.2024    0.1714
   -0.1856   -0.4799    0.1715
   -1.7947    1.1198    0.1825
   -1.3188   -0.1478    0.1830
    1.2046    0.2367    0.1895
    0.2387    0.1347    0.1901
   -0.6588    0.0639    0.1906
   -1.2004   -0.3036    0.1944
   -0.8156    0.1666    0.2147
   -0.8287   -0.1808    0.2263
    1.3211    0.2589    0.2304
   -0.2507   -1.2244    0.2340
   -0.4460    0.8559    0.2534

