seed-NAcc-thr DGP different from zero?

h =

     0


p =

    0.1186


ci =

   -0.5562
    4.7653


stats = 

  <a href="matlab:helpPopup struct" style="font-weight:bold">struct</a> with fields:

    tstat: 1.5864
       df: 53
       sd: 9.7483

seed-NAcc-thr UGP different from zero?

h =

     0


p =

    0.5299


ci =

   -3.7354
    1.9447


stats = 

  <a href="matlab:helpPopup struct" style="font-weight:bold">struct</a> with fields:

    tstat: -0.6323
       df: 53
       sd: 10.4051

seed-NAcc-thr UGR different from zero?

h =

     0


p =

    0.9825


ci =

   -2.4468
    2.3936


stats = 

  <a href="matlab:helpPopup struct" style="font-weight:bold">struct</a> with fields:

    tstat: -0.0220
       df: 53
       sd: 8.8668

seed-NAcc-thr DGP > UGP?

h =

     0


p =

    0.1187


ci =

   -0.7942
    6.7939


stats = 

  <a href="matlab:helpPopup struct" style="font-weight:bold">struct</a> with fields:

    tstat: 1.5859
       df: 53
       sd: 13.9004

seed-NAcc-thr DGP > UGR?

h =

     0


p =

    0.1933


ci =

   -1.1133
    5.3755


stats = 

  <a href="matlab:helpPopup struct" style="font-weight:bold">struct</a> with fields:

    tstat: 1.3175
       df: 53
       sd: 11.8864

seed-NAcc-thr DGP, UGP, and/or UGR different?

p =

    0.2573


tb1 =

  4×6 <a href="matlab:helpPopup cell" style="font-weight:bold">cell</a> array

    {'Source' }    {'SS'        }    {'df' }    {'MS'      }    {'F'       }    {'Prob>F'  }
    {'Columns'}    {[  257.3209]}    {[  2]}    {[128.6604]}    {[  1.3691]}    {[  0.2573]}
    {'Error'  }    {[1.4941e+04]}    {[159]}    {[ 93.9715]}    {0×0 double}    {0×0 double}
    {'Total'  }    {[1.5199e+04]}    {[161]}    {0×0 double}    {0×0 double}    {0×0 double}


stats = 

  <a href="matlab:helpPopup struct" style="font-weight:bold">struct</a> with fields:

    gnames: [3×1 char]
         n: [54 54 54]
    source: 'anova1'
     means: [2.1045 -0.8953 -0.0266]
        df: 159
         s: 9.6939


Delta =

  -15.7380
   24.0062
   -7.5412
   16.8839
   13.9852
   -8.5558
   -5.2054
  -17.4947
   -5.7511
  -22.1941
   30.7954
    9.4221
   17.1909
    0.3037
   -3.7479
    0.1182
   24.9478
   20.4430
   -4.9719
    2.7979
    8.9433
   -3.6637
   -4.5244
   21.4595
    8.0338
    0.6583
   23.8545
   12.4653
    0.9818
   -7.5833
   14.3586
    0.1208
   -0.5280
  -15.6158
   -5.0697
    3.8009
    7.5531
  -13.6136
  -21.1974
   -3.4500
   -6.8834
   -6.8841
   -3.6367
   -8.3076
   13.4629
   11.2506
    5.3324
    0.7386
   -1.5855
   36.0328
  -21.1715
   31.9310
    6.6254
    8.4097


R =

   -0.2731


P =

    0.0457

seed-vmPFC-5mm-thr DGP different from zero?

h =

     1


p =

    0.0140


ci =

    1.1101
    9.4267


stats = 

  <a href="matlab:helpPopup struct" style="font-weight:bold">struct</a> with fields:

    tstat: 2.5412
       df: 53
       sd: 15.2347

seed-vmPFC-5mm-thr UGP different from zero?

h =

     0


p =

    0.9931


ci =

   -3.2448
    3.2732


stats = 

  <a href="matlab:helpPopup struct" style="font-weight:bold">struct</a> with fields:

    tstat: 0.0087
       df: 53
       sd: 11.9401

seed-vmPFC-5mm-thr UGR different from zero?

h =

     0


p =

    0.8415


ci =

   -4.3104
    3.5255


stats = 

  <a href="matlab:helpPopup struct" style="font-weight:bold">struct</a> with fields:

    tstat: -0.2009
       df: 53
       sd: 14.3542

seed-vmPFC-5mm-thr DGP > UGP?

h =

     1


p =

    0.0487


ci =

    0.0310
   10.4774


stats = 

  <a href="matlab:helpPopup struct" style="font-weight:bold">struct</a> with fields:

    tstat: 2.0176
       df: 53
       sd: 19.1364

seed-vmPFC-5mm-thr DGP > UGR?

h =

     0


p =

    0.0550


ci =

   -0.1267
   11.4485


stats = 

  <a href="matlab:helpPopup struct" style="font-weight:bold">struct</a> with fields:

    tstat: 1.9618
       df: 53
       sd: 21.2041

seed-vmPFC-5mm-thr DGP, UGP, and/or UGR different?

p =

    0.0650


tb1 =

  4×6 <a href="matlab:helpPopup cell" style="font-weight:bold">cell</a> array

    {'Source' }    {'SS'        }    {'df' }    {'MS'      }    {'F'       }    {'Prob>F'  }
    {'Columns'}    {[1.0767e+03]}    {[  2]}    {[538.3576]}    {[  2.7812]}    {[  0.0650]}
    {'Error'  }    {[3.0777e+04]}    {[159]}    {[193.5674]}    {0×0 double}    {0×0 double}
    {'Total'  }    {[3.1854e+04]}    {[161]}    {0×0 double}    {0×0 double}    {0×0 double}


stats = 

  <a href="matlab:helpPopup struct" style="font-weight:bold">struct</a> with fields:

    gnames: [3×1 char]
         n: [54 54 54]
    source: 'anova1'
     means: [5.2684 0.0142 -0.3925]
        df: 159
         s: 13.9129


Delta =

  -31.7891
   32.4678
  -17.4959
    3.8638
    5.4882
   -1.7690
   -4.9124
   -1.8666
   -0.3532
    3.5373
   28.2971
   36.3741
    1.7896
   -1.7673
   17.5329
   33.0362
   23.5417
    6.5033
   -9.9651
  -17.4339
    0.9574
    7.1771
    1.8583
   -0.5905
  -15.2583
  -18.8603
   -9.5288
   18.3577
    3.4371
    0.6733
    6.9662
    4.0326
   18.4482
   -6.2029
   36.4897
   -6.6776
   -6.8264
  -28.5846
    8.2297
   38.1532
  -15.6924
  -18.2660
  -15.0798
   -3.7008
    8.2491
   30.9585
   14.2867
   -8.0391
   20.2335
   23.5645
  -25.9009
   45.5759
   22.3290
   47.8789


R =

   -0.0961


P =

    0.4892

